{
 "cells": [
  {
   "cell_type": "code",
   "execution_count": 1,
   "metadata": {},
   "outputs": [
    {
     "data": {
      "text/plain": [
       "PyObject <module 'pyscf.geomopt.geometric_solver' from '/home/marcus/.local/lib/python3.8/site-packages/pyscf/geomopt/geometric_solver.py'>"
      ]
     },
     "execution_count": 1,
     "metadata": {},
     "output_type": "execute_result"
    }
   ],
   "source": [
    "using PyCall\n",
    "pyscf = pyimport(\"pyscf\")\n",
    "geomopt = pyimport(\"pyscf.geomopt.geometric_solver\")"
   ]
  },
  {
   "cell_type": "code",
   "execution_count": 2,
   "metadata": {},
   "outputs": [
    {
     "data": {
      "text/plain": [
       "searchkeys (generic function with 1 method)"
      ]
     },
     "execution_count": 2,
     "metadata": {},
     "output_type": "execute_result"
    }
   ],
   "source": [
    "function searchkeys(s, o)\n",
    "    filter(startswith(s), String.(keys(o)))\n",
    "end"
   ]
  },
  {
   "cell_type": "code",
   "execution_count": 3,
   "metadata": {},
   "outputs": [
    {
     "data": {
      "text/plain": [
       "PyObject <pyscf.gto.mole.Mole object at 0x7f41f82af820>"
      ]
     },
     "execution_count": 3,
     "metadata": {},
     "output_type": "execute_result"
    }
   ],
   "source": [
    "mol = pyscf.gto.M(atom=\"N 0 0 0; H 1 0 0; H 0 1 0; H 0 0 1\"; basis=\"sto3g\")"
   ]
  },
  {
   "cell_type": "code",
   "execution_count": 4,
   "metadata": {},
   "outputs": [
    {
     "name": "stdout",
     "output_type": "stream",
     "text": [
      "converged SCF energy = -55.4292886810922\n"
     ]
    },
    {
     "data": {
      "text/plain": [
       "PyObject RHF object of <class 'pyscf.scf.hf.RHF'>"
      ]
     },
     "execution_count": 4,
     "metadata": {},
     "output_type": "execute_result"
    }
   ],
   "source": [
    "hf = mol.RHF().run()"
   ]
  },
  {
   "cell_type": "code",
   "execution_count": 5,
   "metadata": {},
   "outputs": [
    {
     "name": "stdout",
     "output_type": "stream",
     "text": [
      "\n",
      "Geometry optimization cycle 1\n",
      "Cartesian coordinates (Angstrom)\n",
      " Atom        New coordinates             dX        dY        dZ\n",
      "   N   0.000000   0.000000   0.000000    0.000000  0.000000  0.000000\n",
      "   H   1.000000   0.000000   0.000000    0.000000  0.000000  0.000000\n",
      "   H   0.000000   1.000000   0.000000    0.000000  0.000000  0.000000\n",
      "   H   0.000000   0.000000   1.000000    0.000000  0.000000  0.000000\n",
      "converged SCF energy = -55.4292886810922\n",
      "--------------- SCF_Scanner gradients ---------------\n",
      "         x                y                z\n",
      "0 N    -0.0047841309    -0.0047841309    -0.0047841309\n",
      "1 H    -0.0572267086     0.0310054198     0.0310054198\n",
      "2 H     0.0310054198    -0.0572267086     0.0310054198\n",
      "3 H     0.0310054198     0.0310054198    -0.0572267086\n",
      "----------------------------------------------\n",
      "cycle 1: E = -55.4292886811  dE = -55.4293  norm(grad) = 0.125145\n",
      "\n",
      "Geometry optimization cycle 2\n",
      "Cartesian coordinates (Angstrom)\n",
      " Atom        New coordinates             dX        dY        dZ\n",
      "   N   0.037630   0.037630   0.037630    0.037630  0.037630  0.037630\n",
      "   H   1.075069  -0.056350  -0.056350    0.075069 -0.056350 -0.056350\n",
      "   H  -0.056350   1.075069  -0.056350   -0.056350  0.075069 -0.056350\n",
      "   H  -0.056350  -0.056350   1.075069   -0.056350 -0.056350  0.075069\n",
      "\n",
      "WARN: Large deviations found between the input molecule and the molecule from chkfile\n",
      "Initial guess density matrix may have large error.\n",
      "\n",
      "converged SCF energy = -55.4536375105391\n",
      "--------------- SCF_Scanner gradients ---------------\n",
      "         x                y                z\n",
      "0 N    -0.0189677711    -0.0189677711    -0.0189677711\n",
      "1 H     0.0082907777     0.0053384967     0.0053384967\n",
      "2 H     0.0053384967     0.0082907777     0.0053384967\n",
      "3 H     0.0053384967     0.0053384967     0.0082907777\n",
      "----------------------------------------------\n",
      "cycle 2: E = -55.4536375105  dE = -0.0243488  norm(grad) = 0.0381646\n",
      "\n",
      "Geometry optimization cycle 3\n",
      "Cartesian coordinates (Angstrom)\n",
      " Atom        New coordinates             dX        dY        dZ\n",
      "   N   0.062458   0.062458   0.062458    0.024828  0.024828  0.024828\n",
      "   H   1.079352  -0.070905  -0.070905    0.004282 -0.014555 -0.014555\n",
      "   H  -0.070905   1.079352  -0.070905   -0.014555  0.004282 -0.014555\n",
      "   H  -0.070905  -0.070905   1.079352   -0.014555 -0.014555  0.004282\n",
      "\n",
      "WARN: Large deviations found between the input molecule and the molecule from chkfile\n",
      "Initial guess density matrix may have large error.\n",
      "\n",
      "converged SCF energy = -55.4553990711178\n",
      "--------------- SCF_Scanner gradients ---------------\n",
      "         x                y                z\n",
      "0 N    -0.0020054251    -0.0020054251    -0.0020054251\n",
      "1 H     0.0012055046     0.0003999602     0.0003999602\n",
      "2 H     0.0003999602     0.0012055046     0.0003999602\n",
      "3 H     0.0003999602     0.0003999602     0.0012055046\n",
      "----------------------------------------------\n",
      "cycle 3: E = -55.4553990711  dE = -0.00176156  norm(grad) = 0.0041695\n",
      "\n",
      "Geometry optimization cycle 4\n",
      "Cartesian coordinates (Angstrom)\n",
      " Atom        New coordinates             dX        dY        dZ\n",
      "   N   0.065420   0.065420   0.065420    0.002962  0.002962  0.002962\n",
      "   H   1.079420  -0.072420  -0.072420    0.000068 -0.001515 -0.001515\n",
      "   H  -0.072420   1.079420  -0.072420   -0.001515  0.000068 -0.001515\n",
      "   H  -0.072420  -0.072420   1.079420   -0.001515 -0.001515  0.000068\n",
      "converged SCF energy = -55.455419745399\n",
      "--------------- SCF_Scanner gradients ---------------\n",
      "         x                y                z\n",
      "0 N    -0.0000683112    -0.0000683112    -0.0000683112\n",
      "1 H     0.0000225646     0.0000228733     0.0000228733\n",
      "2 H     0.0000228733     0.0000225646     0.0000228733\n",
      "3 H     0.0000228733     0.0000228733     0.0000225646\n",
      "----------------------------------------------\n",
      "cycle 4: E = -55.4554197454  dE = -2.06743e-05  norm(grad) = 0.000136623\n",
      "\n",
      "Geometry optimization cycle 5\n",
      "Cartesian coordinates (Angstrom)\n",
      " Atom        New coordinates             dX        dY        dZ\n",
      "   N   0.065548   0.065548   0.065548    0.000128  0.000128  0.000128\n",
      "   H   1.079445  -0.072497  -0.072497    0.000026 -0.000077 -0.000077\n",
      "   H  -0.072497   1.079445  -0.072497   -0.000077  0.000026 -0.000077\n",
      "   H  -0.072497  -0.072497   1.079445   -0.000077 -0.000077  0.000026\n",
      "converged SCF energy = -55.4554197787914\n",
      "--------------- SCF_Scanner gradients ---------------\n",
      "         x                y                z\n",
      "0 N     0.0000002197     0.0000002197     0.0000002197\n",
      "1 H    -0.0000015767     0.0000006785     0.0000006785\n",
      "2 H     0.0000006785    -0.0000015767     0.0000006785\n",
      "3 H     0.0000006785     0.0000006785    -0.0000015767\n",
      "----------------------------------------------\n",
      "cycle 5: E = -55.4554197788  dE = -3.33924e-08  norm(grad) = 3.21951e-06\n"
     ]
    },
    {
     "name": "stderr",
     "output_type": "stream",
     "text": [
      "\n",
      "                                        \u001b[91m())))))))))))))))/\u001b[0m                     \n",
      "                                    \u001b[91m())))))))))))))))))))))))),\u001b[0m                \n",
      "                                \u001b[91m*)))))))))))))))))))))))))))))))))\u001b[0m             \n",
      "                        \u001b[94m#,\u001b[0m    \u001b[91m()))))))))/\u001b[0m                \u001b[91m.)))))))))),\u001b[0m          \n",
      "                      \u001b[94m#%%%%,\u001b[0m  \u001b[91m())))))\u001b[0m                        \u001b[91m.))))))))*\u001b[0m        \n",
      "                      \u001b[94m*%%%%%%,\u001b[0m  \u001b[91m))\u001b[0m              \u001b[93m..\u001b[0m              \u001b[91m,))))))).\u001b[0m      \n",
      "                        \u001b[94m*%%%%%%,\u001b[0m         \u001b[93m***************/.\u001b[0m        \u001b[91m.)))))))\u001b[0m     \n",
      "                \u001b[94m#%%/\u001b[0m      \u001b[94m(%%%%%%,\u001b[0m    \u001b[93m/*********************.\u001b[0m       \u001b[91m)))))))\u001b[0m    \n",
      "              \u001b[94m.%%%%%%#\u001b[0m      \u001b[94m*%%%%%%,\u001b[0m  \u001b[93m*******/,\u001b[0m     \u001b[93m**********,\u001b[0m      \u001b[91m.))))))\u001b[0m   \n",
      "                \u001b[94m.%%%%%%/\u001b[0m      \u001b[94m*%%%%%%,\u001b[0m  \u001b[93m**\u001b[0m              \u001b[93m********\u001b[0m      \u001b[91m.))))))\u001b[0m  \n",
      "          \u001b[94m##\u001b[0m      \u001b[94m.%%%%%%/\u001b[0m      \u001b[94m(%%%%%%,\u001b[0m                  \u001b[93m,******\u001b[0m      \u001b[91m/)))))\u001b[0m  \n",
      "        \u001b[94m%%%%%%\u001b[0m      \u001b[94m.%%%%%%#\u001b[0m      \u001b[94m*%%%%%%,\u001b[0m    \u001b[92m,/////.\u001b[0m       \u001b[93m******\u001b[0m      \u001b[91m))))))\u001b[0m \n",
      "      \u001b[94m#%\u001b[0m      \u001b[94m%%\u001b[0m      \u001b[94m.%%%%%%/\u001b[0m      \u001b[94m*%%%%%%,\u001b[0m  \u001b[92m////////,\u001b[0m      \u001b[93m*****/\u001b[0m     \u001b[91m,)))))\u001b[0m \n",
      "    \u001b[94m#%%\u001b[0m  \u001b[94m%%%\u001b[0m  \u001b[94m%%%#\u001b[0m      \u001b[94m.%%%%%%/\u001b[0m      \u001b[94m(%%%%%%,\u001b[0m  \u001b[92m///////.\u001b[0m     \u001b[93m/*****\u001b[0m      \u001b[91m))))).\u001b[0m\n",
      "  \u001b[94m#%%%%.\u001b[0m      \u001b[94m%%%%%#\u001b[0m      \u001b[94m/%%%%%%*\u001b[0m      \u001b[94m#%%%%%%\u001b[0m   \u001b[92m/////)\u001b[0m     \u001b[93m******\u001b[0m      \u001b[91m))))),\u001b[0m\n",
      "    \u001b[94m#%%%%##%\u001b[0m  \u001b[94m%%%#\u001b[0m      \u001b[94m.%%%%%%/\u001b[0m      \u001b[94m(%%%%%%,\u001b[0m  \u001b[92m///////.\u001b[0m     \u001b[93m/*****\u001b[0m      \u001b[91m))))).\u001b[0m\n",
      "      \u001b[94m##\u001b[0m     \u001b[94m%%%\u001b[0m      \u001b[94m.%%%%%%/\u001b[0m      \u001b[94m*%%%%%%,\u001b[0m  \u001b[92m////////.\u001b[0m      \u001b[93m*****/\u001b[0m     \u001b[91m,)))))\u001b[0m \n",
      "        \u001b[94m#%%%%#\u001b[0m      \u001b[94m/%%%%%%/\u001b[0m      \u001b[94m(%%%%%%\u001b[0m      \u001b[92m/)/)//\u001b[0m       \u001b[93m******\u001b[0m      \u001b[91m))))))\u001b[0m \n",
      "          \u001b[94m##\u001b[0m      \u001b[94m.%%%%%%/\u001b[0m      \u001b[94m(%%%%%%,\u001b[0m                  \u001b[93m*******\u001b[0m      \u001b[91m))))))\u001b[0m  \n",
      "                \u001b[94m.%%%%%%/\u001b[0m      \u001b[94m*%%%%%%,\u001b[0m  \u001b[93m**.\u001b[0m             \u001b[93m/*******\u001b[0m      \u001b[91m.))))))\u001b[0m  \n",
      "              \u001b[94m*%%%%%%/\u001b[0m      \u001b[94m(%%%%%%\u001b[0m   \u001b[93m********/*..,*/*********\u001b[0m       \u001b[91m*))))))\u001b[0m   \n",
      "                \u001b[94m#%%/\u001b[0m      \u001b[94m(%%%%%%,\u001b[0m    \u001b[93m*********************/\u001b[0m        \u001b[91m)))))))\u001b[0m    \n",
      "                        \u001b[94m*%%%%%%,\u001b[0m         \u001b[93m,**************/\u001b[0m         \u001b[91m,))))))/\u001b[0m     \n",
      "                      \u001b[94m(%%%%%%\u001b[0m   \u001b[91m()\u001b[0m                              \u001b[91m))))))))\u001b[0m       \n",
      "                      \u001b[94m#%%%%,\u001b[0m  \u001b[91m())))))\u001b[0m                        \u001b[91m,)))))))),\u001b[0m        \n",
      "                        \u001b[94m#,\u001b[0m    \u001b[91m())))))))))\u001b[0m                \u001b[91m,)))))))))).\u001b[0m          \n",
      "                                 \u001b[91m()))))))))))))))))))))))))))))))/\u001b[0m             \n",
      "                                    \u001b[91m())))))))))))))))))))))))).\u001b[0m                \n",
      "                                         \u001b[91m())))))))))))))),\u001b[0m                     \n",
      "\n",
      "-=# \u001b[1;94m geomeTRIC started. Version: 0.9.7.2 \u001b[0m #=-\n",
      "geometric-optimize called with the following command line:\n",
      "\n",
      "12 internal coordinates being used (instead of 12 Cartesians)\n",
      "Internal coordinate system (atoms numbered from 1):\n",
      "Distance 1-2\n",
      "Distance 1-3\n",
      "Distance 1-4\n",
      "Angle 2-1-3\n",
      "Angle 2-1-4\n",
      "Angle 3-1-4\n",
      "Translation-X 1-4\n",
      "Translation-Y 1-4\n",
      "Translation-Z 1-4\n",
      "Rotation-A 1-4\n",
      "Rotation-B 1-4\n",
      "Rotation-C 1-4\n",
      "<class 'geometric.internal.Distance'> : 3\n",
      "<class 'geometric.internal.Angle'> : 3\n",
      "<class 'geometric.internal.TranslationX'> : 1\n",
      "<class 'geometric.internal.TranslationY'> : 1\n",
      "<class 'geometric.internal.TranslationZ'> : 1\n",
      "<class 'geometric.internal.RotationA'> : 1\n",
      "<class 'geometric.internal.RotationB'> : 1\n",
      "<class 'geometric.internal.RotationC'> : 1\n",
      "Step    0 : Gradient = 6.257e-02/7.209e-02 (rms/max) Energy = -55.4292886811\n",
      "Hessian Eigenvalues: 5.00000e-02 5.00000e-02 5.00000e-02 ... 4.76883e-01 4.76883e-01 4.76883e-01\n",
      "Step    1 : Displace = \u001b[0m1.003e-01\u001b[0m/\u001b[0m1.095e-01\u001b[0m (rms/max) Trust = 1.000e-01 (=) Grad = \u001b[0m1.908e-02\u001b[0m/\u001b[0m3.285e-02\u001b[0m (rms/max) E (change) = -55.4536375105 (\u001b[0m-2.435e-02\u001b[0m) Quality = \u001b[0m0.748\u001b[0m\n",
      "Hessian Eigenvalues: 5.00000e-02 5.00000e-02 5.00000e-02 ... 4.76883e-01 4.76883e-01 5.99700e-01\n",
      "Step    2 : Displace = \u001b[0m2.818e-02\u001b[0m/\u001b[0m4.300e-02\u001b[0m (rms/max) Trust = 1.000e-01 (=) Grad = \u001b[0m2.085e-03\u001b[0m/\u001b[0m3.473e-03\u001b[0m (rms/max) E (change) = -55.4553990711 (\u001b[0m-1.762e-03\u001b[0m) Quality = \u001b[0m1.094\u001b[0m\n",
      "Hessian Eigenvalues: 5.00000e-02 5.00000e-02 5.00000e-02 ... 4.76883e-01 4.76883e-01 5.95638e-01\n",
      "Step    3 : Displace = \u001b[0m3.166e-03\u001b[0m/\u001b[0m5.131e-03\u001b[0m (rms/max) Trust = 1.414e-01 (\u001b[92m+\u001b[0m) Grad = \u001b[92m6.831e-05\u001b[0m/\u001b[92m1.183e-04\u001b[0m (rms/max) E (change) = -55.4554197454 (\u001b[0m-2.067e-05\u001b[0m) Quality = \u001b[0m1.037\u001b[0m\n",
      "Hessian Eigenvalues: 5.00000e-02 5.00000e-02 5.00000e-02 ... 4.76883e-01 4.76883e-01 5.97168e-01\n",
      "Step    4 : Displace = \u001b[92m1.470e-04\u001b[0m/\u001b[92m2.214e-04\u001b[0m (rms/max) Trust = 2.000e-01 (\u001b[92m+\u001b[0m) Grad = \u001b[92m1.610e-06\u001b[0m/\u001b[92m1.846e-06\u001b[0m (rms/max) E (change) = -55.4554197788 (\u001b[92m-3.339e-08\u001b[0m) Quality = \u001b[0m1.010\u001b[0m\n",
      "Converged! =D\n",
      "\n",
      "    #==========================================================================#\n",
      "    #| If this code has benefited your research, please support us by citing: |#\n",
      "    #|                                                                        |#\n",
      "    #| Wang, L.-P.; Song, C.C. (2016) \"Geometry optimization made simple with |#\n",
      "    #| translation and rotation coordinates\", J. Chem, Phys. 144, 214108.     |#\n",
      "    #| http://dx.doi.org/10.1063/1.4952956                                    |#\n",
      "    #==========================================================================#\n",
      "    \n",
      "Time elapsed since start of run_optimizer: 0.235 seconds\n"
     ]
    },
    {
     "data": {
      "text/plain": [
       "PyObject <pyscf.gto.mole.Mole object at 0x7f41e02a95e0>"
      ]
     },
     "execution_count": 5,
     "metadata": {},
     "output_type": "execute_result"
    }
   ],
   "source": [
    "mol_opt = geomopt.optimize(hf)"
   ]
  },
  {
   "cell_type": "code",
   "execution_count": 6,
   "metadata": {},
   "outputs": [
    {
     "name": "stdout",
     "output_type": "stream",
     "text": [
      "converged SCF energy = -55.4554197787915\n"
     ]
    },
    {
     "data": {
      "text/plain": [
       "PyObject RHF object of <class 'pyscf.scf.hf.RHF'>"
      ]
     },
     "execution_count": 6,
     "metadata": {},
     "output_type": "execute_result"
    }
   ],
   "source": [
    "hf_opt = mol_opt.RHF().run()"
   ]
  },
  {
   "cell_type": "code",
   "execution_count": 7,
   "metadata": {},
   "outputs": [
    {
     "data": {
      "text/plain": [
       "4×4×3×3 Array{Float64, 4}:\n",
       "[:, :, 1, 1] =\n",
       "  0.672616   -0.534562   -0.0690271    -0.0690271\n",
       " -0.534562    0.548876   -0.0071567    -0.0071567\n",
       " -0.0690271  -0.0071567   0.0768052    -0.000621358\n",
       " -0.0690271  -0.0071567  -0.000621358   0.0768052\n",
       "\n",
       "[:, :, 2, 1] =\n",
       " -0.168203    0.108722     0.0317339   0.0277467\n",
       "  0.0317339  -0.0842462    0.064731   -0.0122187\n",
       "  0.108722   -0.0206893   -0.0842462  -0.00378701\n",
       "  0.0277467  -0.00378701  -0.0122187  -0.0117409\n",
       "\n",
       "[:, :, 3, 1] =\n",
       " -0.168203    0.108722     0.0277467    0.0317339\n",
       "  0.0317339  -0.0842462   -0.0122187    0.064731\n",
       "  0.0277467  -0.00378701  -0.0117409   -0.0122187\n",
       "  0.108722   -0.0206893   -0.00378701  -0.0842462\n",
       "\n",
       "[:, :, 1, 2] =\n",
       " -0.168203    0.0317339   0.108722     0.0277467\n",
       "  0.108722   -0.0842462  -0.0206893   -0.00378701\n",
       "  0.0317339   0.064731   -0.0842462   -0.0122187\n",
       "  0.0277467  -0.0122187  -0.00378701  -0.0117409\n",
       "\n",
       "[:, :, 2, 2] =\n",
       "  0.672616   -0.0690271    -0.534562   -0.0690271\n",
       " -0.0690271   0.0768052    -0.0071567  -0.000621358\n",
       " -0.534562   -0.0071567     0.548876   -0.0071567\n",
       " -0.0690271  -0.000621358  -0.0071567   0.0768052\n",
       "\n",
       "[:, :, 3, 2] =\n",
       " -0.168203    0.0277467    0.108722     0.0317339\n",
       "  0.0277467  -0.0117409   -0.00378701  -0.0122187\n",
       "  0.0317339  -0.0122187   -0.0842462    0.064731\n",
       "  0.108722   -0.00378701  -0.0206893   -0.0842462\n",
       "\n",
       "[:, :, 1, 3] =\n",
       " -0.168203    0.0317339   0.0277467    0.108722\n",
       "  0.108722   -0.0842462  -0.00378701  -0.0206893\n",
       "  0.0277467  -0.0122187  -0.0117409   -0.00378701\n",
       "  0.0317339   0.064731   -0.0122187   -0.0842462\n",
       "\n",
       "[:, :, 2, 3] =\n",
       " -0.168203    0.0277467    0.0317339   0.108722\n",
       "  0.0277467  -0.0117409   -0.0122187  -0.00378701\n",
       "  0.108722   -0.00378701  -0.0842462  -0.0206893\n",
       "  0.0317339  -0.0122187    0.064731   -0.0842462\n",
       "\n",
       "[:, :, 3, 3] =\n",
       "  0.672616   -0.0690271    -0.0690271    -0.534562\n",
       " -0.0690271   0.0768052    -0.000621358  -0.0071567\n",
       " -0.0690271  -0.000621358   0.0768052    -0.0071567\n",
       " -0.534562   -0.0071567    -0.0071567     0.548876"
      ]
     },
     "execution_count": 7,
     "metadata": {},
     "output_type": "execute_result"
    }
   ],
   "source": [
    "h = hf_opt.Hessian().hess()"
   ]
  },
  {
   "cell_type": "code",
   "execution_count": 8,
   "metadata": {},
   "outputs": [],
   "source": [
    "using LinearAlgebra"
   ]
  },
  {
   "cell_type": "code",
   "execution_count": 9,
   "metadata": {},
   "outputs": [
    {
     "data": {
      "text/plain": [
       "3×4×3×4 PermutedDimsArray(::Array{Float64, 4}, (3, 1, 4, 2)) with eltype Float64:\n",
       "[:, :, 1, 1] =\n",
       "  0.672616  -0.534562   -0.0690271  -0.0690271\n",
       " -0.168203   0.0317339   0.108722    0.0277467\n",
       " -0.168203   0.0317339   0.0277467   0.108722\n",
       "\n",
       "[:, :, 2, 1] =\n",
       " -0.168203   0.108722    0.0317339   0.0277467\n",
       "  0.672616  -0.0690271  -0.534562   -0.0690271\n",
       " -0.168203   0.0277467   0.0317339   0.108722\n",
       "\n",
       "[:, :, 3, 1] =\n",
       " -0.168203   0.108722    0.0277467   0.0317339\n",
       " -0.168203   0.0277467   0.108722    0.0317339\n",
       "  0.672616  -0.0690271  -0.0690271  -0.534562\n",
       "\n",
       "[:, :, 1, 2] =\n",
       " -0.534562   0.548876   -0.0071567   -0.0071567\n",
       "  0.108722  -0.0842462  -0.0206893   -0.00378701\n",
       "  0.108722  -0.0842462  -0.00378701  -0.0206893\n",
       "\n",
       "[:, :, 2, 2] =\n",
       "  0.0317339  -0.0842462   0.064731   -0.0122187\n",
       " -0.0690271   0.0768052  -0.0071567  -0.000621358\n",
       "  0.0277467  -0.0117409  -0.0122187  -0.00378701\n",
       "\n",
       "[:, :, 3, 2] =\n",
       "  0.0317339  -0.0842462  -0.0122187     0.064731\n",
       "  0.0277467  -0.0117409  -0.00378701   -0.0122187\n",
       " -0.0690271   0.0768052  -0.000621358  -0.0071567\n",
       "\n",
       "[:, :, 1, 3] =\n",
       " -0.0690271  -0.0071567   0.0768052  -0.000621358\n",
       "  0.0317339   0.064731   -0.0842462  -0.0122187\n",
       "  0.0277467  -0.0122187  -0.0117409  -0.00378701\n",
       "\n",
       "[:, :, 2, 3] =\n",
       "  0.108722  -0.0206893   -0.0842462  -0.00378701\n",
       " -0.534562  -0.0071567    0.548876   -0.0071567\n",
       "  0.108722  -0.00378701  -0.0842462  -0.0206893\n",
       "\n",
       "[:, :, 3, 3] =\n",
       "  0.0277467  -0.00378701   -0.0117409  -0.0122187\n",
       "  0.0317339  -0.0122187    -0.0842462   0.064731\n",
       " -0.0690271  -0.000621358   0.0768052  -0.0071567\n",
       "\n",
       "[:, :, 1, 4] =\n",
       " -0.0690271  -0.0071567  -0.000621358   0.0768052\n",
       "  0.0277467  -0.0122187  -0.00378701   -0.0117409\n",
       "  0.0317339   0.064731   -0.0122187    -0.0842462\n",
       "\n",
       "[:, :, 2, 4] =\n",
       "  0.0277467  -0.00378701   -0.0122187  -0.0117409\n",
       " -0.0690271  -0.000621358  -0.0071567   0.0768052\n",
       "  0.0317339  -0.0122187     0.064731   -0.0842462\n",
       "\n",
       "[:, :, 3, 4] =\n",
       "  0.108722  -0.0206893   -0.00378701  -0.0842462\n",
       "  0.108722  -0.00378701  -0.0206893   -0.0842462\n",
       " -0.534562  -0.0071567   -0.0071567    0.548876"
      ]
     },
     "execution_count": 9,
     "metadata": {},
     "output_type": "execute_result"
    }
   ],
   "source": [
    "hp = PermutedDimsArray(h, (3, 1, 4, 2))"
   ]
  },
  {
   "cell_type": "code",
   "execution_count": 10,
   "metadata": {},
   "outputs": [
    {
     "data": {
      "text/plain": [
       "12×12 reshape(PermutedDimsArray(::Array{Float64, 4}, (3, 1, 4, 2)), 12, 12) with eltype Float64:\n",
       "  0.672616   -0.168203   -0.168203   …   0.0277467     0.108722\n",
       " -0.168203    0.672616   -0.168203      -0.0690271     0.108722\n",
       " -0.168203   -0.168203    0.672616       0.0317339    -0.534562\n",
       " -0.534562    0.108722    0.108722      -0.00378701   -0.0206893\n",
       "  0.0317339  -0.0690271   0.0277467     -0.000621358  -0.00378701\n",
       "  0.0317339   0.0277467  -0.0690271  …  -0.0122187    -0.0071567\n",
       " -0.0690271   0.0317339   0.0277467     -0.0122187    -0.00378701\n",
       "  0.108722   -0.534562    0.108722      -0.0071567    -0.0206893\n",
       "  0.0277467   0.0317339  -0.0690271      0.064731     -0.0071567\n",
       " -0.0690271   0.0277467   0.0317339     -0.0117409    -0.0842462\n",
       "  0.0277467  -0.0690271   0.0317339  …   0.0768052    -0.0842462\n",
       "  0.108722    0.108722   -0.534562      -0.0842462     0.548876"
      ]
     },
     "execution_count": 10,
     "metadata": {},
     "output_type": "execute_result"
    }
   ],
   "source": [
    "hm = reshape(hp, 12, 12)"
   ]
  },
  {
   "cell_type": "code",
   "execution_count": 11,
   "metadata": {},
   "outputs": [
    {
     "data": {
      "text/plain": [
       "Eigen{Float64, Float64, Matrix{Float64}, Vector{Float64}}\n",
       "values:\n",
       "12-element Vector{Float64}:\n",
       " -1.043484946102285e-6\n",
       " -1.013753465178695e-6\n",
       " -1.0137534275764687e-6\n",
       " -3.7554342288146624e-13\n",
       "  1.4742769500912322e-13\n",
       "  5.17293845755803e-13\n",
       "  0.18308352049970966\n",
       "  0.2079281660581723\n",
       "  0.20792816605852532\n",
       "  0.7653602764059774\n",
       "  1.3805047997386908\n",
       "  1.3805047997391253\n",
       "vectors:\n",
       "12×12 Matrix{Float64}:\n",
       " -2.28026e-7   0.214984    0.0185758  …   0.337435   -0.630365     0.0134555\n",
       "  4.52589e-7  -0.122253    0.176784       0.337435    0.300923    -0.552701\n",
       " -1.88553e-7  -0.0927307  -0.195359       0.337435    0.329442     0.539246\n",
       " -3.91431e-7   0.375879    0.0324781     -0.460345    0.510094    -0.0108882\n",
       " -0.408249     0.488291   -0.0202572      0.0614553  -0.0521642    0.0398766\n",
       "  0.408248     0.478452    0.103789   …   0.0614553  -0.0541878   -0.0376065\n",
       "  0.408249    -0.32616     0.361825       0.0614553   0.0594384   -0.0279698\n",
       "  7.4945e-7   -0.213748    0.30909       -0.460345   -0.243508     0.447249\n",
       " -0.408247    -0.22359     0.433138       0.0614553  -0.00866817  -0.0652792\n",
       " -0.408249    -0.264703   -0.412879       0.0614553   0.0608324    0.0254026\n",
       "  0.408248    -0.15229    -0.465616   …   0.0614553  -0.00525057   0.0655763\n",
       " -3.22009e-7  -0.162131   -0.341568      -0.460345   -0.266586    -0.43636"
      ]
     },
     "execution_count": 11,
     "metadata": {},
     "output_type": "execute_result"
    }
   ],
   "source": [
    "e, v = eigen(hm)"
   ]
  },
  {
   "cell_type": "code",
   "execution_count": 13,
   "metadata": {},
   "outputs": [
    {
     "data": {
      "text/plain": [
       "3×4×12 Array{Float64, 3}:\n",
       "[:, :, 1] =\n",
       " -2.28026e-7  -3.91431e-7   0.408249   -0.408249\n",
       "  4.52589e-7  -0.408249     7.4945e-7   0.408248\n",
       " -1.88553e-7   0.408248    -0.408247   -3.22009e-7\n",
       "\n",
       "[:, :, 2] =\n",
       "  0.214984   0.375879  -0.32616   -0.264703\n",
       " -0.122253   0.488291  -0.213748  -0.15229\n",
       " -0.0927307  0.478452  -0.22359   -0.162131\n",
       "\n",
       "[:, :, 3] =\n",
       "  0.0185758   0.0324781  0.361825  -0.412879\n",
       "  0.176784   -0.0202572  0.30909   -0.465616\n",
       " -0.195359    0.103789   0.433138  -0.341568\n",
       "\n",
       ";;; … \n",
       "\n",
       "[:, :, 10] =\n",
       " 0.337435  -0.460345    0.0614553   0.0614553\n",
       " 0.337435   0.0614553  -0.460345    0.0614553\n",
       " 0.337435   0.0614553   0.0614553  -0.460345\n",
       "\n",
       "[:, :, 11] =\n",
       " -0.630365   0.510094    0.0594384    0.0608324\n",
       "  0.300923  -0.0521642  -0.243508    -0.00525057\n",
       "  0.329442  -0.0541878  -0.00866817  -0.266586\n",
       "\n",
       "[:, :, 12] =\n",
       "  0.0134555  -0.0108882  -0.0279698   0.0254026\n",
       " -0.552701    0.0398766   0.447249    0.0655763\n",
       "  0.539246   -0.0376065  -0.0652792  -0.43636"
      ]
     },
     "execution_count": 13,
     "metadata": {},
     "output_type": "execute_result"
    }
   ],
   "source": [
    "reshape(v, 3, 4, 12)"
   ]
  },
  {
   "cell_type": "code",
   "execution_count": null,
   "metadata": {},
   "outputs": [],
   "source": []
  }
 ],
 "metadata": {
  "kernelspec": {
   "display_name": "Julia 1.8.1",
   "language": "julia",
   "name": "julia-1.8"
  },
  "language_info": {
   "file_extension": ".jl",
   "mimetype": "application/julia",
   "name": "julia",
   "version": "1.8.1"
  },
  "orig_nbformat": 4
 },
 "nbformat": 4,
 "nbformat_minor": 2
}
